0.053943009016910154
0.010650290851840596
0.26796222661761276
0.028334376367385186
0.05763428678180167
0.005346407952944018
0.035873688507879975
0.020043634782913353
0.23050624332547853
0.0297213061749885
0.16010735388858618
0.02251479263122495
0.6608634470728385
0.06917673405965022
0.003583798218762495
0.029008858202610413
1.0
3.886823998646812e-10
0.03292486341780632
0.21010479836404236
0.06305224310896852
0.06581200962625852
0.06243123768060641
0.08528587679503041
0.05537905002664661
1.0
0.012872872882441736
0.03501899707824954
0.0617252278923752
0.17852251571075983
0.14744426890694617
0.02811685353533364
0.28927601949952875
0.1124507679227034
0.005744000247916339
0.11656829105577102
1.0
0.11457070564694365
1.1295442145443803e-06
0.0905047751134784
0.024589040830164707
0.2148626181838563
5.7304958164224994e-08
0.01993582877683202
0.19854505994672506
0.11339716206174362
0.15769754598829283
0.12263541506799164
0.013837732095200042
0.02044644269563081
0.1778928351009245
4.327480914014398e-06
0.04075562280109341
0.03863297928190211
1.0
0
0.015515422607436385
0.1927317093827335
0.01056270422103958
0.13956130491073765
0.1588092868959908
0.003771722789144367
0.02553658570882993
0.009806985693721234
0.03612052896692406
0.8654856896987353
0.03589778028387926
0.13876575291435497
0.0063542050351314125
0.009939369984279627
0.08671788186575714
0.10332712206062994
0.0007091548070896443
0.024016232047467435
1.0
0.16487208994081773
0.06909127215018852
0.07296872634613315
0.13184619645059445
0.054488871904838095
0.17381079876353372
0.23965229096888063
0.00011448940338811431
0.04255147338785982
0.16596636182124294
0.01053386130113345
0.042273963246272986
0.03059943139017413
0.1603904537915891
0.08168538840579853
0.07311900517921477
0.05345988714629295
0.010904738014161919
0.19195767099937708
0.013701202064631582
0.03286851896957949
0.09682379177109546
0.01840698455683913
0.2136880354575855
0.07483768279133556
0.22610779366106298
0.07821024841007838
0.11333173949835505
0.34347680137374503
0.09069797516413056
0.22547365945375805
0.12755312554915768
0.011664371820813133
0.03162174950604972
0.06837535702540826
0.22427762027675122
0.057868276299199176
0.045789633939232556
0.014011107768881186
0.15637710009038266
0.20928201159228055
0.14122557829524288
0.20094842413154165
0.051553355320111
0.1303010372839338
0.00010017658413962552
0.015683293053072235
0.03171241751055061
0.4006929454685191
0.24795665271895515
0.008206908987462588
0.04430740635162622
0.11273962280713518
0.04305919792761462
0.12954710535938446
0.022919453613246706
0.0032492901938415745
0.1753542464271116
0.1608739566972357
0.04616579593585224
0.02180363214033158
0.026783914942445985
0.005305166008930585
0.2369734711650708
0.011981936956556374
0.07906720210583389
0.008753204504512987
0.016607489453610503
0.3510458381768579
0.08157118600584892
0.0006546451314430569
0.014364400893965916
0.20911343191472587
0.05737708882304302
0.08195091400614553
0.027997088847726136
0.15875722180934987
1.0
0.28614695071702057
0.04095583491455028
1.0
0.09446345907038387
0.3006165781740551
0.0008193215109108583
0.16798139801096998
0.1843360840483288
2.1960941549043494e-09
0.015842411247683822
0.08211080269942855
2.443072204962555e-17
0.0032226525381789384
0.09452783850915206
0.019113398126423885
1.0
0.20205656026041488
0.3458095579757576
0.040735560287247355
0.024447031262399513
0.015031155700894123
0.051203844627119015
0.04294724676074865
0.1835422931137104
0.23626672118879805
0.05409634151710859
0.18165325948440914
0.10116813185381164
0.04143566643949851
0.0016618213058211696
0.13347820495400536
0.008987052822035917
0.0095241055970576
1.9943562375102128e-11
0.0228493573562829
0.006535315672439015
0.4215503093673728
0.3232458836618787
1.0
7.641492455106706e-08
0.12389955908893252
0.0009060365921344746
0.13776436892894375
0.23548792899955634
0.0003608628638715884
0.19142914021294707
0.0074590576546591575
0.07564460205205768
0.30112462063206297
0.1630062334219031
0.016230629896197737
0.008542392088778371
0.07818026840840951
0.12428083290353625
0.13073712292898748
0.1420246881039213
0.007936302886283969
0.002594727180058614
0.02704554876391121
0.18863309639926681
0.026940921856038018
0.025190969899120796
0.1628096822547991
0.023359145282097083
0.02641807387033007
0.17943044182914528
0.16340836420369564
0.013076685838267337
1.0
0.011283452285543472
0.1650054474730594
0.09341997267521464
0.0037372469439678454
0.00810249918681867
0.1358100882896997
0.02818326846644548
5.258594223664899e-07
0.010164115906587274
0.04997142758459485
1.0
0.5592014800001629
0.142336660234258
0.016966100750277716
0.25298014141254593
0.05319118651525024
0.020700929026085235
0.19120377555767457
0.3066750210804255
0.025194125391318753
0.010809240448878188
0.07103265304996105
0.0038240268154605167
0.2564099155056963
0.015767358767822575
0.1090169871993086
0.00011137882548247036
0.08550914102369164
0.18929002475984866
0.1456277175235136
0.1031375698339352
0.04442457750973881
0.03825832732645886
0.23315538268014135
0.04297874458669279
0.09272317586413072
0.05292284089269831
0.02247159930483482
0.035778336306788894
0.005394375506304195
0.003756486780989478
0.10618942717138916
0.023272848287467306
0.0032510070237324958
0.0009925031760897754
0.043649025650902236
2.9861488587507703e-06
0.0198295877769424
0.05639739757882338
0.0003347018022344951
0.012481730047338649
0.017591655136096368
0.008737796482580506
0.02907106223044667
0.01005924108803679
0.18570949108518317
0.047877323256160495
0.00313374058715919
0.12192673455301209
0.04536815547987807
1.0
0.145048035891014
0.05634151858682961
0.026636207669526582
0.11558811226041946
0.07423912501839977
0.1485206611060344
5.795335815964058e-05
0.05031885573691917
0.059892010993658165
0.1884175871985144
0.16394689918513305
0.0974950139666597
0.04475950309363029
0.08646392586476077
6.835454935502312e-11
0.03219386207966053
3.054157444627693e-07
0.11322748510778592
0.03873994173081011
0.11734236952094182
0.07916303244855748
0.205693204134222
0.003776758815348923
0.13352383602526247
0.04716024708012351
0.011570006851633934
0.18250047230238003
0.04745234192052048
0.06638500996861378
0.0004905099413026637
0.15124119472498246
0.11449946766869963
0.05754476615310741
0.02234565363353468
0.025662551204274842
0.011191021613657745
2.1865503543287055e-05
0.0007679056575908621
0.08205578560412981
0.001523174965499262
0.05231957860849839
0.0805809936917723
0.03572551484407338
0.03919699938486702
0.06415064101685604
0.056940730664900144
1.0
0.20539509719773488
0.08301753137000165
0.02821464698707687
0.1682825879840213
0.04572203496772945
0.033860780954407727
0.017002145118839494
0.13834854126540627
0.18824093489123417
0.07903487541683721
0.10850265895410378
0.14596323553936347
0.007948865147040626
0.2125220272789591
0.13977211459652863
0.16591524080069134
0.07401489449307648
0.04036188880289095
0.05058424509177524
0.14172560636276332
0.06260407905513572
0.2251149081298985
0.040143319732796987
0.0021332681713020748
0.06526379933481243
0.024826065966265493
0.1009834673684358
0.005270099640562301
0.044404288143523325
0.08854189872305404
0.020448007360218394
0.060877053772091363
6.340670171282773e-23
0.2257652464937232
0.6138147863393488
0.0052447806461528865
0.04212398909409246
0.012926021106392276
0.012145635415099262
0.12862770067610033
0.12789259741263406
0.0720622928088129
0.008820836147980161
0.06147401320055395
0.013268202006932456
1.0
0.13632840280514624
0.034351835233040785
0.01060436598072813
0.24254145332823848
0.2104549124121401
0.09212480089422209
0.18303816463520525
0.00466158930617135
0.0037093695691147797
0.00023277895032677477
0.008272977586705131
0.014017645406853015
0.0027954691983805837
0.0034953698015139875
0.10137152991421877
0.01954639923995584
1.0
0.3067955015255256
0.021016062441587394
0.6097037018752269
1.0317507837708254e-05
4.268527001990298e-06
0.1992332738622122
0.07753906964160572
0.0037956996101539786
0.20677923381112948
0.0033895271735933136
0.11366347422066758
0.05692040175004934
0.02483672811043033
0.00576629968489228
0.2833767516668395
0.7483019521934369
0.12738057943359077
0.024981347568663326
0.05538027759527063
0.016017951809519034
0.00018688019531666966
4.797350716584056e-05
0.15527546562014286
0.05101599307902366
0.08911706143458675
0.1380559993544403
0.09104396826147289
0.24138659367515528
0.11676177022915986
0.5569965576400995
0.15382309844725492
0.13394763980538263
0.02639937229341547
0.08702096381769417
0.002708853391910587
0.24536317694872978
0.4636633461077197
1.994030545008553e-08
0.006964252107381883
0.03151486434406769
0.019903067308659303
0.13065426786389445
0.11675268892927819
0.03315566636596312
0.2734407395909629
0.02037190405580053
0.16691171997729273
0.021506900356645018
0.23685055939135177
0.13088410503467196
0.13313245692819262
0.03630954771904309
0.035695730142943485
0.09522789209790916
0.03987530087998295
0.026140794941342804
0.04231949755391263
0.0001718691722387439
0.012138883499139191
0.1357671113114681
0.10902350228170754
0.09897418442563334
2.9682054332661112e-09
0.2707685152634749
0.08816582219728929
0.10064797595014079
0.019636294451852155
0.0997764917136243
0.022939873376788145
0.14331326748641018
0.05305477619118306
0.0315298597559556
0.15637033282334464
0.1317790244823575
0.0071962245938396695
0.012850058389196098
0.07207219522524967
0.14164405954082407
0.11353810784189505
0.009491415300660435
0.054808988538516845
0.0023254165669667945
0.04803332638831631
0.00022216566581062126
0.020403407506520824
0.04546367960081418
0.0852011927148823
0.11336950520680977
0.07107125504776216
0.005223577740745086
0.3322604159835407
0.14695589713676005
0.006445403314905102
0.0008234119342429926
0.04981155467975116
0.11584080434727927
0.07811658493982097
0.12275094592440246
0.044063831829253906
0.009462860017261328
0.04064926306596588
0.18688031288137705
0.018018212704985118
7.501027137686226e-15
0.19899820056972936
2.4639059405602296e-10
0.08815903292455801
0.11396965127492287
0.12176236886063527
1.0
0.1981213064473312
0.009430595934513586
0.02460137257692754
0.06723596320352418
0.028537108651641163
0.0011065747781672196
0.02697022371900738
0.24300968810218374
0.046942204706140606
0.14799236882195965
0.09976433231110367
0.04814719394070318
0.0804520093210038
0.028927782866040724
0.010651293974934703
0.04001555076606516
0.02945642544824925
0.033621576224544016
0.040474512998904956
0.3158529369963231
0.03237722713145644
0.1611873032896061
0.06231921154822223
0.024498997629327227
0.10689760295469154
0.14478021961182605
0.043853892896112995
0.201964579173237
0.0782071921983236
0.17213001592174249
0.24952162870020608
0.07416851469571897
0.35176163081632544
0.22370781610771118
0.088545417146297
0.20516455955187052
0.0013412535401048102
0.0435524086747766
0.08365546173553305
0.043908976483041255
0.01971299927310215
5.9379554691677595e-05
0.010695951901953334
0.15310557401465028
0.04176540174661854
0.05128087465119047
1.0
0.0020758541938359822
0.06406635789775807
0.13408637612040222
0.0085135354895301
1.0
0.17515247252807728
0.12931932046072953
1.0
0.032714207938874654
0.5492319291521991
0.19740175411457153
0.14703176591443692
0.08181624311533847
0.1746460200562904
0.0070620210436320805
0.3101399265678696
0.1554393164670713
0.0014364448868700917
0.22515733601302435
0.0003657311302267699
0.0010574539042790658
0.10184409811046843
0.0326771685485201
0.02779405805660546
1.0
0.04545931804109492
0.01029324974703122
0.02894986478444229
0.004509358556151053
0.05112524233288539
2.104488017447346e-05
0.026943533707378245
0.042279297521702994
0.05885728686478907
0.09428655670123315
0.07981072158387609
0.0007263785668378798
1.0
0.12574341548178777
0.07572090295952578
0.07234903341171961
0.5440998000019085
0.3348911705903375
0.02665608518193216
0.05398881232344277
0.24639164195294158
0.038668100650082554
0.020693784644806604
0.05432155178431645
0.008172054159981353
0.02377942876961147
0.025510012742866274
0.09776720450818104
0.053388393010888366
0.026159645271867198
0.014783659744124204
0.1516363265862027
0.014107402828223753
7.330074990236421e-06
0.029050903320018362
0.004721746240556693
0.007501854857548227
0.07028936772439896
0.00281494706875862
0.06460056705753703
0.10333984099535913
0.030202033274342087
0.011191021613657745
0.03789657121721667
0.02075870579544338
0.08514563039654872
0.035654781422113396
0.06484007772588331
0.157234735206409
0.03989668136263573
0.0010909776122653455
0.016666227571352436
0.02356906222144955
0.03739060526884071
0.03241323542425452
0.1112829838695245
0.22115966812339868
0.02622717095929381
0.15662890656292566
0.017260965162579623
0.15317209969357445
0.1914897424958299
0.020756401345162892
0.002479904071076329
3.911293887987344e-07
1.0
0.04009130865333477
0.28017027358595326
0.029437873978997612
0.19319160862878634
0.05700429308409377
0.03202562375861528
0.0013450108984427854
0.03832129897252597
0.3984385876373696
0.2279890235670547
0.0377668523739859
0.10583085505802822
0.02321953524685128
0.09938074137975361
0.009899266077387931
0.1392587591641579
0.0026968083711577913
0.061187340992470356
0.07646406671244649
0.012405650375761901
0.15194711199850405
0.1332891930008968
0.015256689588538746
0.17493298656673703
0.0010187441937559698
0.12453418980912595
0.12482960982353156
0.01330381704621219
0.0006609546337124902
0.3173095162399812
0.056936145100725664
0.12004247916672606
0.1340587512742354
0.06734999104625292
0.02807581735927124
0.4620330851437781
0.020647457040854918
0.120791599874975
0.06038788276128333
0.06813136780099528
0.0012441815627222295
0.0008146808836973059
8.127059601550451e-05
0.016425838459506653
0.006585937701136756
0.0019333782237932876
0.24918603573368456
0.7847562300148622
0.1212163227596749
0.6029754664518183
0.13938161926492135
0.04445033403678958
1.0
0.01552885759142775
0.05134853524951897
0.207053414373222
0.2736425751978108
0.14808444875605714
0.0011594868842300515
0.060455480763210494
0.14284549893843618
0.004250255185856781
0.02182213453939158
0.13941321346866864
0.024617552243341004
0.09330840971513456
0.17148926930746172
0.09379482758702147
0.05317163219781247
0.10840500174171565
0.012978371707669615
0.022483534478728265
0.032736133066043796
0.020842710553498123
0.06066716501397806
0.060719767973100955
0.15006327675177883
0.1045926746112316
0.12124241963291078
0.17361423549780988
0.12567876038442913
1.0
0.005021734148797615
0.07360537269577051
0.13217224444683603
0.04326532989106165
0.2340543427350455
0.17464659120075754
0.06545105246631719
0.03546647136740269
0.014143550190952823
0.0676347890261181
0.11702553581185664
0.8968759108785223
0.22433292655698442
0.010606890595534796
0.0953444902677541
0.013123696438987434
0.2717071237084242
0.18950515140631752
0.001608659599565426
0.0028430318269950954
0.475703989810275
0.3035486443880491
0.1218650049269664
0.02910331250063139
0.20172085724930444
1.7479095653128e-05
0.25440709683594165
0.02613306163695512
0.0001500160794287136
0.14930616673802335
0.1493281029935556
0.02427722379266807
0.1477300734330481
0.10929195584791705
0.9442062781550719
0.05758059613511007
0.4356388530062955
1.0
0.10010884367829911
2.7683783509177228e-05
0.06154527851500236
0.16352592827086798
6.389555201330446e-10
0.002712471619720872
0.0864335800535269
0.10469788830277772
0.25318968197988045
0.0016767114838435121
0.003236910942350176
0.049400605416585544
0.12248872246506816
0.9588185089507728
9.578716765514544e-07
0
0.1275533065350185
0.006334446155117748
0.19237523439772086
0.023620231455543567
0.2461593850803623
0.01843903826048279
0.040956943696748835
0.05214407629750524
0.14858093133066855
0.15692710982883756
0.19259404554678045
0.04891954646906378
0.06006056544614455
0.16753132452936903
0.0697155059334902
0.02419135733425136
0.40167158331798136
0.005328168890414065
0.015264806123769856
0.002826082743808913
0.05418120858329587
0.036414563363153594
1.0
0.00538581256378141
0.07044932522967619
0.06941581752763713
0.18449981579553956
0.1898988510016598
0.05474964788748905
0.20723077797620634
0.01905900075342951
0.10630416225317697
0.17614109585683344
0.24400408467707005
0.08818959931148554
0.15422430659281447
0.13532941898759743
0.1200037708166131
0.14214337448390021
0.07252232575096167
0.00023753103096747918
0.17402502454295213
0.09689650750764311
0.12731203839315303
0.1083604981254013
1.0
0.058934741175515865
0.07199354133088871
0.006874614919231696
0.013243387827292846
0.11157145114089116
0.02627796410860696
0.23559748404415587
0.06401755099289534
1.0
0.053326280582938416
0.07084338408547018
0.16562990832971164
0.015138514598766055
0.21355150712938364
0.09322933958386904
0.2720780325070763
1.0
5.354836866825716e-05
0.013781985390048664
0.023821722263447098
1.0
0.07035261502100562
0.1657288154404554
0.01584734087087706
0.21969586057004048
0.0007846188608046673
0.1064866726389722
0.19113660543910094
0.005092183383411827
0.20794526273601097
0.06646071932714924
0.20551566501592222
0.5102579075706889
0.13194714812771527
0.19484599424565086
0.04094158138132647
1.0
0.2566199669008889
0.012877338632854628
0.0020100837588537352
0.05526073912000794
0.025257985574714006
0.35969374041553803
0.20946545880191145
1.0
0.010294945331433297
0.040242156764113704
1.0
0.15857490677306013
0.07341620189965857
0.07811212678531919
1.0
0.31552197970011303
0.008839374326825921
0.08146831854327014
0.047925140822115395
0.12257214592222271
0.15494129516642835
0.005749533552719879
0.05217036582673977
0.0272601167894908
0.5408402864522692
0.2738624606937897
1.0
0.20402535754157486
0.03578370509810773
0.0005878786486962072
0.05561864866471072
0.03517926982663473
0.9002768015682991
2.0592323308722447e-07
0.1330599141535644
0.09448616847215888
0.10376064036632751
0.12534485875491197
0.0356426184036035
0.01957896710259833
0.027363559496503438
0.17139917523591472
0.04954345002667743
0.05210913045465915
0.00013055352764193738
0.10854363434318355
0.004089349842971759
0.2910544467518517
0.03615546243709247
0.04661984522561848
0.0320667174450662
0.06452702143939242
0.03002564471070962
0.09245937436773553
0.09923811862067086
0.08480627645524715
0.6345953574850675
0.08848386519126282
0.027574559233606397
3.903047773309215e-08
0.04293793447980111
0.13151920170472461
0.06570374492370122
0.21218032362954847
0.03051683467304465
0.16393499461369462
0.09758388481630677
3.229378315972388e-07
0.017346650562694507
0.05138819234411734
0.002551770238047031
0.08217872824058595
0.0404925838608352
0.17694917454635672
0.31329986634166346
0.010015733693066159
0.016837802349424502
0.21457977760017952
0.011108996538242306
0.11805973118811866
1.0
0.07494412249445752
0.06362027141025653
0.19967795220542053
6.35545407420941e-05
0.1044034698901633
0.09214819531010145
0.016302031454191023
0.12827579265735636
0.015678052020243124
0.011309498461810447
0.0041759962071615565
0.07031105238648656
0.012284373436176945
0.1646646850180695
0.02082902498460078
0.03294821718612273
0.00041133386505090965
0.00014675824362686253
0.12926643478724426
0.02772737975406336
0.013823214172868267
0.0007099029801489739
0.2447761232126765
0.15246829554359462
0.13483517092680825
0.11496729994717823
0.07544443707172799
0.09729251041327014
0.058247754677929815
0.12445017036363802
1.0
0.13406434185288998
0.22925310500214474
0.018857136491160737
0.0002944193005148577
1.0
0.02774985815658754
0.03469176978869509
0.08362207710639517
0.6108845387670988
0.012882279993035133
0.023425376607930083
0.007939087147543497
0.04326532989106165
0.07986083051857762
0.1622964021635531
0.3342777133106706
0.08919242570946921
0.00017453302546288868
0.09771952318338673
1.0
0.0888281352701319
0.04387205886153308
0.0715878883287298
0.01664418609371296
0.16746647542365994
0.8751748903704637
0.023956565612760213
0.003294862866252493
