0.44174227124771964
0.06900351365247187
0.26796222661761276
0.295998215362044
0.2000268661628175
0.10346785121123826
0.10273150431248426
0.39825910804855275
0.23050624332547853
0.06015981220585527
0.19194740505977306
0.04519230164601774
0.6608634470728385
0.24599427367854723
0.08347787217098211
0.09562529583370478
1.0
0.21552312850094996
0.10245199168560698
0.35141464401341826
0.1473256310496354
0.10491121731112284
0.27956953236223836
0.08528587679503041
0.11506488834261479
1.0
0.10730806580342751
0.2545608063372666
0.0617252278923752
0.17852251571075983
0.14744426890694617
0.1905869406334789
0.28927601949952875
0.15481153437813458
0.025738301809738573
0.18129419053782866
1.0
0.11457070564694365
0.20402783265314617
0.19752052009395704
0.10035466471585741
0.2148626181838563
0.18891645635272025
0.20843958947602945
0.19854505994672506
0.11339716206174362
0.15769754598829283
0.18631197991319515
0.21672413004576543
0.20984006638617142
0.21088907312452862
0.11823116816378058
0.19712671828240558
0.11110462604878843
1.0
0.2749141042560916
0.18170460639928543
0.1927317093827335
0.2507568863088705
0.14456397986351913
0.1588092868959908
0.08425754520726984
0.02553658570882993
0.01643434939684039
0.06428898794601706
0.8983561616680422
0.20533220150983017
0.15109089302892373
0.10850958815087222
0.1274682940401157
0.25849085618629614
0.265216022575733
0.20225311045179395
0.09851818040094756
1.0
0.16487208994081773
0.06909127215018852
0.20618808256117332
0.13184619645059445
0.08048590242368653
0.17381079876353372
0.23965229096888063
0.20135811969220035
0.04255147338785982
0.16596636182124294
0.06986433942827834
0.36135861371367395
0.06628535095809229
0.20018857554045805
0.21997558898095482
0.11685033144935625
0.07387998646289225
0.02191286020886785
0.19195767099937708
0.06006737431348799
0.03286851896957949
0.09682379177109546
0.14745910006215387
0.2136880354575855
0.24874527427694276
0.22610779366106298
0.09636659060119741
0.17078836475065515
0.34347680137374503
0.2080541178081465
0.22547365945375805
0.12755312554915768
0.061964163499003
0.10573194378978087
0.07690880800704387
0.22427762027675122
0.16808852649697187
0.2274663728310204
0.13634738360240478
0.23110590287910718
0.20928201159228055
0.1882163779953209
0.20094842413154165
0.05788201858032214
0.1303010372839338
0.0412818537624098
0.015713327171720717
0.2024702682231059
0.4006929454685191
0.24795665271895515
0.0965601977438954
0.132048649004011
0.16221267844702383
0.05245512980059474
0.13135313813390204
0.34093362636306934
0.294018324207328
0.1753542464271116
0.1966159457671129
0.09391782170265242
0.2894093723674095
0.06035501147522055
0.11083455409783212
0.2369734711650708
0.34838176253307934
0.08388242825324563
0.20982247423457245
0.0399087829866955
0.3897085542063371
0.12547864181054155
0.05387959014347735
0.4117839753005069
0.21220487133057567
0.17854224063733548
0.29951731147029237
0.05895893092089566
0.18398732411042557
1.0
0.28614695071702057
0.15079472369180133
1.0
0.09446345907038387
0.3006165781740551
0.253122809775381
0.16798139801096998
0.24420684935407158
0.08859291082163315
0.015842411247683822
0.31900401780702153
0.020345564239486687
0.008225395308647795
0.09452783850915206
0.09760293396550945
1.0
0.25556618316651913
0.3458095579757576
0.047389399746629424
0.10895217096251014
0.09457642227389544
0.2607318261930215
0.11335615251877842
0.19334491157707193
0.23626672118879805
0.4064477676550596
0.23047325824871837
0.2676435840037703
0.053287711360750015
0.029527143883370157
0.13347820495400536
0.05538696232597745
0.2289336061348005
0.1449928873284269
0.07171160277109588
0.17372307499256306
0.4215503093673728
0.3232458836618787
1.0
0.05259595123728163
0.14999907966833076
0.19004732436902308
0.13776436892894375
0.33133310106274005
0.3432559198918814
0.19142914021294707
0.02265672090880199
0.2455665967120622
0.30112462063206297
0.22796884278127225
0.016230629896197737
0.08260601106775985
0.07818026840840951
0.12428083290353625
0.13073712292898748
0.23431218565952164
0.25168464777883365
0.13721555593517137
0.08538711827459003
0.2425439599901502
0.19464521962073486
0.16019237204691245
0.1628096822547991
0.1370384971046422
0.036662926844353586
0.21145910652373479
0.16340836420369564
0.1883595306945365
1.0
0.2306515134926137
0.1650054474730594
0.17880004438063904
0.13819585494830136
0.27601160154034293
0.1358100882896997
0.03032357008649138
0.2206157921679841
0.2873273904947134
0.08658010205170277
1.0
0.5592014800001629
0.142336660234258
0.11123162708935415
0.25298014141254593
0.05319118651525024
0.1273385556476918
0.19120377555767457
1.0
0.20619481513808413
0.043748114312246456
0.291545393171444
0.027686451908509473
0.2564099155056963
0.43505275373159424
0.12265613893227584
0.15672374343357948
0.2386837115019376
0.20078215389812695
0.2539069926994182
0.23299132622929802
0.06046786022868391
0.23653961900716441
0.23315538268014135
0.14244289552209688
0.09272317586413072
0.1503430762853311
0.1861714848516893
0.0829075585774786
0.09892363781342897
0.21466720718715346
0.18432529722438176
0.07369695820630162
0.1568571741799688
0.2172935554985212
0.08840637545768755
0.2595583149333834
0.24019277731110303
0.21841818222307716
0.18910343501586438
0.22153453822708893
0.11158695702903068
0.06521957069154442
0.1957455794572693
0.013942158371404386
0.23592575361743467
0.047877323256160495
0.17426690185857502
0.23725473690596313
0.1857139016596097
1.0
0.27867902281069
0.13128665330948866
0.03914337831150818
0.2221320345773342
0.08952301889177922
0.166794769532518
0.2188766562683378
0.09685415187814261
0.12429122495815635
0.1884175871985144
0.16394689918513305
0.14125254975706505
0.07330107430979556
0.0871553795814776
0.3163421154624866
0.2567027814044482
0.11616938819940399
0.21203401853612242
0.22410955130928012
0.17225274478499036
0.07916303244855748
0.205693204134222
0.172665185319691
0.13352383602526247
0.148473093196989
0.13354322574320995
0.35342028909683926
0.23623366139695479
0.0734682340308946
0.1945989515054367
0.22619847902095797
0.25723962032456954
0.09161525896961926
0.33725687133594096
0.03320360407972623
0.011191021613657745
0.24023130666412496
0.15953605926156428
0.11746870568436861
0.0804749831641516
0.05231957860849839
0.10160236170184893
0.21621309956938972
0.11002245568838652
0.07880674949650157
0.2615265079772876
1.0
0.20539509719773488
0.17520744860433313
0.2662170265992522
0.19795685756557804
0.07421296827302183
0.22657312695099271
0.1749961657561351
0.21459900348571997
0.18824093489123417
0.07903487541683721
0.10850265895410378
0.22442768177412295
0.1782921965574844
0.2125220272789591
0.14386099729789226
0.16591524080069134
0.07401489449307648
0.07835333797844636
0.12334927561829702
0.1920116946481587
0.20820058604564784
0.2908811455175927
0.1361549921033084
0.10939621308178246
0.06526379933481243
0.05963579607071745
0.1979818274191367
0.01934529902282619
0.044404288143523325
0.12448539701173246
0.33180774028439425
0.12269217124920909
0.12017405640480613
0.2257652464937232
0.6138147863393488
0.12789129487952067
0.23119741256864615
0.027581140256775202
0.16466286466533422
0.3152485339962084
0.13718363582172644
0.13032807885380848
0.20182629847991532
0.062260648170254805
0.09790791873229844
1.0
0.3472675450665435
0.2041565294221428
0.021984530977361163
0.24254145332823848
0.21407748363065268
0.16153316781013127
0.18303816463520525
0.015544899015346803
0.017239283526555123
0.01737885792817991
0.277823405216001
0.10536862736634363
0.27255150203660694
0.03128531735387241
0.2441036890744862
0.11444353519187046
1.0
0.3067955015255256
0.04615296679419103
0.6097037018752269
0.16332093981681386
0.0011054208577646336
0.1992332738622122
0.25292204564333604
0.14370901752828538
0.2643713479502108
0.010864991539917157
0.19438821843876458
0.18642975249023674
0.2905975080370404
0.00576629968489228
0.2833767516668395
0.7483019521934369
0.13170393346718054
0.17069878757487178
0.21312497903273095
0.017448767890681335
0.11857350352219849
0.2021326728034595
0.15527546562014286
0.15427840156276376
0.12762957691123492
0.2085205733733725
0.13951241619258645
0.24138659367515528
0.11676177022915986
0.5569965576400995
0.2374051677056273
0.13394763980538263
0.02639937229341547
0.20196387413933214
0.2853209134054998
0.24536317694872978
0.4871804642332182
0.12630785524223728
0.4095858168115207
0.11167527893399137
0.18009231214795235
0.2595932534846412
0.15049639477150906
0.06570309311700068
0.2734407395909629
0.10355005892733621
0.1773695968078613
0.0774279502492911
0.23685055939135177
0.13088410503467196
0.15462218383779902
0.2481232189245583
0.14284052296643923
0.09763088860404724
0.03987530087998295
0.0289414189761808
0.23124389358689013
0.18933774009192364
0.030206205252435548
0.13914300205710048
0.10902350228170754
0.15863481211468752
0.04340624981816832
0.2707685152634749
0.12530614686850378
0.10064797595014079
0.0720469744783279
0.2998492719957301
0.02508818540843941
0.15114980578046597
0.08200735681690798
0.0962322534110219
0.15637033282334464
0.1317790244823575
0.14233773261409022
0.021359012567909886
0.1376009681892588
0.14164405954082407
0.1995113167617449
0.025098621243978974
0.1192880920096684
0.18330256089173447
0.1179062092502809
0.00022216566581062126
0.028713038379096403
0.04546367960081418
0.3165243117370387
0.15475542454283528
0.2804008452822795
0.017033186037639283
0.3322604159835407
0.2618113574741039
0.15947176593555826
0.1545793302637369
0.10613354446962382
0.1838463267472348
0.21153877573229063
0.22690787588876393
0.09014246335618818
0.08915920795975238
0.21859202100251698
0.18688031288137705
0.5720541966743539
0.2845707908871149
0.19899820056972936
0.03356645506872744
0.11515533867347222
0.15939134611862749
0.20920972421298994
1.0
0.1981213064473312
0.03729146813276183
0.03648693063520556
0.13463419680668992
0.2337548400392936
0.17353486873809262
0.05705093314691302
0.24300968810218374
0.046942204706140606
0.1747528882526095
0.25075192749357644
0.20414405674096073
0.2784763462563138
0.09128369713614293
0.20396090417900778
0.10355310082590526
0.02945642544824925
0.1286567344288145
0.040474512998904956
0.3158529369963231
0.03237722713145644
0.24328172418807156
0.22316077368366244
0.030473031894661887
0.13847331311945066
0.1572397123764128
0.05075092712159692
0.201964579173237
0.11671084380159845
0.17213001592174249
0.24952162870020608
0.1940496885015586
0.35176163081632544
0.22370781610771118
0.1539683792469798
0.20516455955187052
0.11046738124800108
0.19703969776006844
0.30941301289580914
0.17500156925369967
0.03273312507374398
0.2293996687369782
0.019122909794992534
0.16260929973416405
0.10965697313028956
0.07536034107620121
1.0
0.10328765214001176
0.09239717378409193
0.22120255984958054
0.12104627945712738
1.0
0.1821956844592251
0.18577115851186607
1.0
0.04091032653880247
1.0
0.2873186022615817
0.16390234525937092
0.28760618738269395
0.25820070896026226
0.012881899985098519
0.3101399265678696
0.1846338498648458
0.21392880719617224
0.22515733601302435
0.14761588748908047
0.08422403242425537
0.12828086630179847
0.0778195927972764
0.02852168635747007
1.0
0.2441001293959925
0.03188724261643236
0.2950185062624393
0.18546561092534572
0.07126955677090926
0.2066286760134362
0.026943533707378245
0.08847690883494504
0.07136936433708968
0.2433772554527973
0.1554862161636435
0.07585554182090337
1.0
0.12574341548178777
0.09617387768841958
0.07234903341171961
0.5440998000019085
0.3348911705903375
0.14538641335973565
0.3350195969446658
0.24639164195294158
0.5644631908437108
0.12120468467755655
0.2054991193696083
0.12743546160112307
0.08132173020774242
0.03369400605802513
0.14483043169830412
0.23186434758623664
0.1762096293117086
0.05119779483546019
0.18899158123425824
0.21866603978380975
0.006912510342697011
0.10327399832867268
0.2449919859654449
0.007501854857548227
0.07028936772439896
0.07494370431865888
0.09688152484191406
0.10333984099535913
0.17847052236252087
0.017379110740253053
0.09778262914018888
0.11778354299939679
0.24792272208244204
0.035654781422113396
0.06484007772588331
0.157234735206409
0.1626526983427196
0.11683991996383787
0.135152601248099
0.10470951171547997
0.16475391499757244
0.06052644874870279
0.1112829838695245
0.22115966812339868
0.17543532705752263
0.34337335551228026
0.19478397953405788
0.3204899941867481
0.1914897424958299
0.1074598456251619
0.05762821682765944
0.17093927752590762
1.0
0.053340874927143477
0.28017027358595326
0.03665602910080951
0.19319160862878634
0.05700429308409377
0.21055904125006666
0.0034170206403382566
0.142285110125654
0.3984385876373696
0.2279890235670547
0.202672597858517
0.10583085505802822
0.11939383202976384
0.09938074137975361
0.2003843946833413
0.1392587591641579
0.0026968083711577913
0.3162843291525455
0.07646406671244649
0.11429227942159645
0.15194711199850405
0.2911130623401758
0.059409757107670505
0.6205718457168946
0.01152059348426087
0.20474014567280824
0.16759758909322345
0.10881038675356368
0.27731962448584246
1.0
0.056936145100725664
0.20551569715379248
0.15658268566119754
0.16198581687667452
0.22136981835648467
0.4620330851437781
0.17163558163414241
0.16607012440170765
0.1454489388400931
0.06813136780099528
0.2502336708582851
0.18411492420857534
0.16335396763362675
0.15781248572373094
0.09746490477370295
0.2639878156319963
0.2940977819608044
0.7847562300148622
0.14234943822449095
0.6486932415130529
0.13938161926492135
0.17919933337538207
1.0
0.16693863026674047
0.05134853524951897
0.207053414373222
0.2736425751978108
0.2107806361539131
0.0032905001430397524
0.21050705108030873
0.15765417512061045
0.10106755681197317
0.09808015008723131
0.2730043659000081
0.04689956563271702
0.3553617728871719
0.17895705621715025
0.1124823774831766
0.05456040124503067
0.10840500174171565
0.17831216320728033
0.18136377858176567
1.0
0.10698565895420144
0.1475203997740418
0.11838479999766023
0.27770246549839295
0.1327601141211218
0.12124241963291078
0.2834577774859722
0.16681559831069748
1.0
0.010448426281447131
0.14878672089044756
0.14322699656985266
0.04326532989106165
0.2340543427350455
0.22860044226742254
0.11795644255289757
0.34223320902815335
0.020904996083879822
0.1339453922156689
0.14151768390952096
0.8968759108785223
0.22433292655698442
0.21741281993219203
0.16372697413679355
0.1744237288579919
0.2717071237084242
0.18950515140631752
0.16139592280896833
0.2281084595861223
0.475703989810275
0.3035486443880491
0.22506782731403724
0.2118299628493491
0.20172085724930444
0.21104614552023485
0.25440709683594165
0.10954663907797889
0.1758604532124019
0.23458779533399474
0.16473374610159036
0.09225161243902763
0.2293248570954724
0.1587350043734502
0.9442062781550719
0.2565054271647153
0.4356388530062955
1.0
0.12770429380831289
0.23653460834032114
0.14433007715170496
0.16352592827086798
0.251056547395671
0.19817264728342007
0.31950578998144874
1.0
0.25318968197988045
0.1844043152462268
0.016243557528823845
0.0507839202179191
0.18644870279607342
0.9588185089507728
0.13252736541634919
0
0.1275533065350185
0.00896211456257594
0.19237523439772086
0.21007121903155607
0.2461593850803623
0.17174439300866293
0.1385706242286278
0.132444407877525
0.14858093133066855
0.15692710982883756
0.19259404554678045
0.08217820651323618
0.06006056544614455
0.16753132452936903
0.11187720913810896
0.05208991998967372
0.40167158331798136
0.012653299443953998
0.2057456226689319
0.05819750555126016
0.19340466140339313
0.14933113182964367
1.0
0.1995120731860569
0.12134010518961416
0.1861339662988996
0.28418731232080935
0.1898988510016598
0.05474964788748905
0.20723077797620634
0.20361294711364733
0.10630416225317697
0.17614109585683344
0.24400408467707005
0.12283761831897115
0.27144496443215804
0.1733111093579501
0.16605032021646096
0.14214337448390021
0.07252232575096167
0.19398130305791902
0.6085005991760303
0.18157819229533953
0.13337303696814437
0.14525707950519506
1.0
0.1641013506743465
0.11620331286867829
0.015276780223747026
0.08415321094250472
0.19478266436761546
0.18864266379013997
0.23559748404415587
0.12959158444371388
1.0
0.3304060334458074
0.14085018278147388
0.2681687431680954
0.02584145048742771
0.21355150712938364
0.1530074387421698
0.2720780325070763
1.0
0.09861383264054586
0.09899678591759778
0.034351373054864805
1.0
0.1606547826944654
0.18888006490538004
0.08749365001277125
0.21969586057004048
0.0718291094550853
0.1443456846499823
0.32438162363241924
0.11804233548548487
0.20794526273601097
0.12388446410204584
0.23732745622724397
0.5102579075706889
0.23557143836397768
0.19484599424565086
0.049842498198406755
1.0
0.2566199669008889
0.0647818230947713
0.23206021613322964
0.05526073912000794
0.05856458233275369
0.35969374041553803
0.20946545880191145
1.0
0.13633911035661841
0.040242156764113704
1.0
0.15857490677306013
0.2036354248233427
0.2033855542435208
1.0
0.31552197970011303
0.03773408462994185
0.08146831854327014
0.22110544863837006
0.15204394129594534
0.15494129516642835
0.11836845821896581
0.08277592810429546
0.060820553106281094
0.5408402864522692
0.2738624606937897
1.0
0.20402535754157486
0.03578370509810773
0.18508010022510718
0.20533387118275023
0.03517926982663473
0.9002768015682991
0.11306104723172873
0.212946525458494
0.09448616847215888
0.16871324614225253
0.18133537994758137
0.052336789202583604
0.03753655620215014
0.027363559496503438
0.22437565768123952
0.29137013793680644
0.15318176470364292
0.07138775731461809
0.1530060443306373
0.006132910803680854
0.2910544467518517
0.03615546243709247
0.06602430653063644
0.4848703145506564
0.2220442629263652
0.17314864683766595
0.28883331686326463
0.1923060932686651
0.08650041302347304
0.8212614342207556
0.1340411541154256
0.027574559233606397
0.2492243357796847
0.04293793447980111
0.13151920170472461
0.2346630187440629
0.21218032362954847
0.16808215616354708
0.16393499461369462
0.15489903703812202
0.21719296929570153
0.18207052811092134
0.0528897780564455
0.09294366991325143
0.08217872824058595
0.2907081944771947
0.22370860409135215
0.31329986634166346
0.016891032976324306
0.10949929577497812
0.21457977760017952
0.3256998268631684
0.12625980589549174
1.0
0.07494412249445752
0.1454141717892288
0.19967795220542053
0.17951677806718244
0.12764995798420628
0.09214819531010145
0.0605878745844297
0.12827579265735636
0.11649919696617095
0.09055382892143642
0.033287135819172496
0.11009394279192794
0.15124731106127445
0.18125160399547602
0.2303256653464561
0.11939514264497716
0.03893004235981512
0.14244112933683575
0.22460234962109946
0.20084832998042831
0.052607763685246285
0.12726171724754573
0.2447761232126765
0.15246829554359462
0.1507331498708279
0.11496729994717823
0.19584093836419367
0.13111138531756522
0.24570117345275613
0.12445017036363802
1.0
0.13406434185288998
0.22925310500214474
0.05629875636083539
0.2560796396220346
1.0
0.18464770797289165
0.12997931132305954
0.11653306571837577
0.6108845387670988
0.020064110494011925
0.10699426392965543
0.09286803553046949
0.20169141502422383
0.1347472280929293
0.1622964021635531
0.3342777133106706
0.23719143485257876
0.21978717108478452
0.09771952318338673
1.0
0.21656533872940142
0.04387205886153308
0.0715878883287298
0.11272078478140649
0.2415047641430151
0.8763340296578425
0.023956565612760213
0.13011763281798888
