0.44174227124771964
0.06900351365247187
0.26796222661761276
0.295998215362044
0.2000268661628175
0.2345087765641803
0.1295987398108333
0.39825910804855275
0.23050624332547853
0.06015981220585527
0.19194740505977306
0.29122514762076096
0.6608634470728385
0.2764474233573115
0.09399907735235685
0.19264395171986967
1.0
0.21552312850094996
0.14710129652806145
0.35141464401341826
0.1473256310496354
0.15285105408523858
0.27956953236223836
0.1472602002402839
0.13299095896878543
1.0
0.10730806580342751
0.2545608063372666
0.10420538774024869
0.17852251571075983
0.17360645041390507
0.1905869406334789
0.28927601949952875
0.15481153437813458
0.025738301809738573
0.31479078636086383
1.0
0.14419098812869519
0.3113067440828267
0.19752052009395704
0.1296455815654442
0.2148626181838563
0.18891645635272025
0.20843958947602945
0.19854505994672506
0.1172041753761659
0.15769754598829283
0.18631197991319515
0.21672413004576543
0.23779839239599396
0.2787760139924556
0.1663042689687329
0.19712671828240558
0.11430452078741912
1.0
0.2749141042560916
0.18170460639928543
0.1927317093827335
0.2507568863088705
0.15155163084183088
0.1588092868959908
0.11203044599320752
0.03776864270612423
0.01643434939684039
0.137271699687188
0.8983561616680422
0.25059903287433927
0.15109089302892373
0.29645583411295373
0.1274682940401157
0.25849085618629614
0.33011555632431444
0.2052570813151679
0.16709388639587672
1.0
0.1685540619703552
0.06909127215018852
0.22270941247407242
0.2254912320585406
0.11286983685806483
0.17381079876353372
0.23965229096888063
0.20135811969220035
0.10240294898046473
0.16596636182124294
0.06986433942827834
0.36135861371367395
0.12410087667233634
0.20018857554045805
0.21997558898095482
0.15079950581962823
0.09143897374101227
0.02191286020886785
0.19195767099937708
0.06006737431348799
0.03286851896957949
0.09682379177109546
0.15373863725921988
0.2136880354575855
0.24874527427694276
0.25847887995737007
0.13752423279980946
0.17078836475065515
0.34347680137374503
0.26068620279064536
0.22547365945375805
0.2179450087420709
0.061964163499003
0.17936125484869764
0.16685887291391166
0.22427762027675122
0.16808852649697187
0.2274663728310204
0.13634738360240478
0.23110590287910718
0.20928201159228055
0.24747852798177947
0.20094842413154165
0.05788201858032214
0.18628918661544322
0.04286726068408672
0.042020425849160166
0.2024702682231059
0.4006929454685191
0.24795665271895515
0.23396489427557923
0.268573792486311
0.2187213113030763
0.05245512980059474
0.2023313409585747
0.34093362636306934
0.294018324207328
0.1753542464271116
0.1966159457671129
0.09815287981361591
0.35192625471676414
0.13408867949061307
0.18255826172935904
0.2369734711650708
0.34838176253307934
0.08388242825324563
0.20982247423457245
0.043167429323202194
0.3897085542063371
0.12547864181054155
0.05387959014347735
0.4117839753005069
0.21220487133057567
0.22151068040382182
0.29951731147029237
0.10857189226660635
0.18398732411042557
1.0
0.28614695071702057
0.19770293921291107
1.0
0.11800321831997392
0.3292546580927517
0.253122809775381
0.23460067955142797
0.24420684935407158
0.08859291082163315
0.24597535315048868
0.31900401780702153
0.20453718477653976
0.009775052692738831
0.09452783850915206
0.13603702324200198
1.0
0.25556618316651913
0.3458095579757576
0.0725205908465548
0.12239309157496077
0.24254271805007768
0.2607318261930215
0.11335615251877842
0.24591762117701774
0.23626672118879805
0.4064477676550596
0.23047325824871837
0.2676435840037703
0.065192753318716
0.30259532764785907
0.24138221897949558
0.05538696232597745
0.2289336061348005
0.1449928873284269
0.0886651696114977
0.17372307499256306
0.5151630664996671
0.3232458836618787
1.0
0.28473060373609166
0.14999907966833076
0.2040497380261398
0.13776436892894375
0.33133310106274005
0.3432559198918814
0.2093957565176491
0.02265672090880199
0.2455665967120622
0.30112462063206297
0.22796884278127225
0.016230629896197737
0.11573120305636106
0.22067731046885494
0.12428083290353625
0.15760609361158603
0.23431218565952164
0.25168464777883365
0.1532019770009213
0.08538711827459003
0.2425439599901502
0.19464521962073486
0.16019237204691245
0.1628096822547991
0.1370384971046422
0.09799161222812973
0.25017374324183955
0.16340836420369564
0.26019736906169816
1.0
0.2999564159338602
0.22061308578422237
0.17880004438063904
0.13819585494830136
0.27601160154034293
0.1358100882896997
0.10772831663100393
0.2206157921679841
0.2873273904947134
0.09418566305998474
1.0
0.5592014800001629
0.142336660234258
0.22056779315946315
0.2645960525063671
0.07547395022956097
0.15891155158569956
0.19120377555767457
1.0
0.20619481513808413
0.043748114312246456
0.291545393171444
0.027686451908509473
0.2564099155056963
0.43505275373159424
0.21725662152708128
0.28134219053022086
0.25119237976003733
0.20078215389812695
0.2539069926994182
0.23299132622929802
0.16393108546343574
0.26839562357211455
0.23315538268014135
0.14244289552209688
0.2575789599691822
0.1944447816807989
0.1861714848516893
0.3278352589021386
0.09892363781342897
0.21466720718715346
0.19764002452737844
0.07369695820630162
0.1911252881065208
0.2172935554985212
0.13385829207951994
0.2595583149333834
0.24019277731110303
0.21841818222307716
0.18910343501586438
0.3094413376361011
0.2949243207665704
0.20405269293775727
0.1957455794572693
0.036794373247613636
0.2708875556347111
0.10876309708234048
0.17426690185857502
0.24815961723868013
0.1857139016596097
1.0
0.27867902281069
0.22081806484026203
0.06935052361989594
0.2221320345773342
0.11242389048192271
0.166794769532518
0.2188766562683378
0.09685415187814261
0.12566654310372333
0.1884175871985144
0.2551460564004099
0.14125254975706505
0.07330107430979556
0.17851407171507555
0.3163421154624866
0.2567027814044482
0.31898074154964573
0.21203401853612242
0.22410955130928012
0.1990319196193226
0.07916303244855748
0.205693204134222
0.172665185319691
0.22981643060066193
0.2673136306715634
0.15112958728870704
0.35342028909683926
0.23623366139695479
0.0734682340308946
0.1945989515054367
0.22619847902095797
0.2859281345704092
0.0973834065412635
0.33725687133594096
0.17377208785560805
0.013229269219304755
0.2682383246810199
0.22435530303901174
0.1409416672567679
0.18089437124083307
0.08191181829206526
0.10160236170184893
0.21621309956938972
0.22156487974955513
0.1699325719198668
0.2615265079772876
1.0
0.27275269207186936
0.17549691089053435
0.2662170265992522
0.19795685756557804
0.10697200273388416
0.22657312695099271
0.1749961657561351
0.21459900348571997
0.19839952383725246
0.19172459694586497
0.14372545987218
0.22442768177412295
0.1782921965574844
0.2772253380232449
0.22203963193443527
0.16591524080069134
0.23215151298981862
0.0924351547961003
0.1314346203143232
0.1920116946481587
0.20820058604564784
0.31266202825318934
0.1607007722774785
0.1385661611115623
0.19202646278899588
0.05963579607071745
0.1979818274191367
0.01934529902282619
0.28367305545967536
0.19442075279641036
0.33180774028439425
0.12269217124920909
0.12017405640480613
0.25391003397687434
0.6138147863393488
0.12789129487952067
0.23119741256864615
0.028181711900739845
0.16466286466533422
0.3152485339962084
0.13718363582172644
0.23793971559123067
0.20182629847991532
0.13481992111033636
0.14378163379922487
1.0
0.3472675450665435
0.2173948278781319
0.031146377792658105
0.24254145332823848
0.21407748363065268
0.16153316781013127
0.18303816463520525
0.09740334687736651
0.038002344890766274
0.24053643238221867
0.277823405216001
0.10536862736634363
0.27255150203660694
0.03128531735387241
0.2441036890744862
0.17022782200118955
1.0
0.3067955015255256
0.13737511700117444
0.6097037018752269
0.17403375432656631
0.028454488927420266
0.25662735497255623
0.25292204564333604
0.14370901752828538
0.2856217915768097
0.06371722109866279
0.19438821843876458
0.18642975249023674
0.2905975080370404
0.054812938312841494
0.2833767516668395
0.7483019521934369
0.15762625978001385
0.17069878757487178
0.2140604845951784
0.060905111119656574
0.11857350352219849
0.20246344130649024
0.17060401615220053
0.15427840156276376
0.2127530172025601
0.2085205733733725
0.1782662528737391
0.2489637360879045
0.11676177022915986
0.5569965576400995
0.2374051677056273
0.2772810636282966
0.2289835185065093
0.20196387413933214
0.2853209134054998
0.2625548708882695
0.4871804642332182
0.12630785524223728
0.4095858168115207
0.11167527893399137
0.25827066150940764
0.2595932534846412
0.15049639477150906
0.1624528402469048
0.2734407395909629
0.18253011694350582
0.19623168356725287
0.09022707678782345
0.23685055939135177
0.13088410503467196
0.3103346449120679
0.24894659033970104
0.14284052296643923
0.13112634925492314
0.2765584474059131
0.11009091786485599
0.23124389358689013
0.18933774009192364
0.030206205252435548
0.21319545518410313
0.10902350228170754
0.2488281335064258
0.06078660999850664
0.2707685152634749
0.178674698323183
0.14159468817142654
0.30711450354925135
0.2998492719957301
0.02508818540843941
0.16077776106420905
0.24171767970295333
0.0962322534110219
0.15637033282334464
0.25476832773231267
0.17251068346558335
0.04788843546793683
0.14145192252321573
0.2700672097494091
0.1995113167617449
0.025098621243978974
0.19736658891353162
0.18330256089173447
0.16189109948562747
0.32557694601628834
0.028713038379096403
0.05166992049767956
0.3165243117370387
0.15475542454283528
0.2804008452822795
0.017033186037639283
0.41380920712248415
0.2618113574741039
0.15947176593555826
0.1545793302637369
0.1286413301063301
0.23918233181132553
0.21153877573229063
0.22690787588876393
0.09014246335618818
0.19600143431660064
0.21859202100251698
0.18688031288137705
0.5720541966743539
0.2845707908871149
0.2949862261212791
0.08685285124566114
0.16425245312697964
0.2268707084985306
0.21369680312849393
1.0
0.2030307967840559
0.32313207005485833
0.15413893486452598
0.16467165402589415
0.3120075823189883
0.2621980332712105
0.13794236102586616
0.24300968810218374
0.30349506706101903
0.244372241326149
0.25075192749357644
0.20414405674096073
0.2784763462563138
0.1733035622686408
0.20396090417900778
0.13583276128084817
0.11418215551856849
0.13465691737003596
0.07433055539001066
0.3455933330790986
0.11139874259089436
0.2756001678723636
0.27511413603891366
0.058665191222852686
0.21767352062362133
0.23948621683983531
0.0948740820693998
0.22369471503936367
0.11671084380159845
0.2110211692945575
0.2853316598436367
0.24542305229835046
0.35176163081632544
0.3077578525259698
0.1539683792469798
0.20516455955187052
0.27532177035906286
0.19703969776006844
0.30941301289580914
0.17500156925369967
0.08423108446494958
0.2293996687369782
0.023407093773019104
0.20849118215661536
0.22204588318592486
0.1656878332071602
1.0
0.1590306182803902
0.1904430641643378
0.22120255984958054
0.13715158541239647
1.0
0.27838404792637395
0.381269211193158
1.0
0.04091032653880247
1.0
0.2873186022615817
0.19662694299009775
0.28760618738269395
0.25820070896026226
0.04934494673001858
0.3101399265678696
0.1846338498648458
0.21392880719617224
0.22515733601302435
0.14761588748908047
0.09043224264316338
0.17158139701436576
0.12349699116080415
0.059977278662585384
1.0
0.2441001293959925
0.03188724261643236
0.2950185062624393
0.24383354071441124
0.0767962819531357
0.2066286760134362
0.026943533707378245
0.16617429299578945
0.07136936433708968
0.2433772554527973
0.1554862161636435
0.16651670697496976
1.0
0.14806977026194454
0.09617387768841958
0.10953564861505997
0.5440998000019085
0.3348911705903375
0.14538641335973565
0.3350195969446658
0.24883545246914426
0.5644631908437108
0.24623712660400285
0.2054991193696083
0.12743546160112307
0.1759357388615516
0.043444345354386404
0.1644030705140099
0.23186434758623664
0.1762096293117086
0.07292463871643416
0.18991982580462347
0.2688774289977237
0.11057518720831426
0.20999207555763721
0.2736398795039232
0.1113015463766882
0.20967430814053703
0.07494370431865888
0.10117412102824173
0.30620490882364876
0.2343310337192151
0.020189357399934448
0.09778262914018888
0.11778354299939679
0.24792272208244204
0.03603100637917648
0.07823594775948882
0.19900797775677295
0.1626526983427196
0.11683991996383787
0.3086950954229905
0.10470951171547997
0.1677052466573272
0.16574624158406065
0.14302206069993773
0.22115966812339868
0.17543532705752263
0.34337335551228026
0.19478397953405788
0.3204899941867481
0.23160181856626
0.14982774693221762
0.08794596858801444
0.17093927752590762
1.0
0.2314995311627291
0.2819401759664385
0.0710225271990814
0.19319160862878634
0.07819897140103606
0.21055904125006666
0.006414921514603761
0.142285110125654
0.3984385876373696
0.2279890235670547
0.2605814165291159
0.2859051721103525
0.13713279646032606
0.09938074137975361
0.2003843946833413
0.1819706265489738
0.26382757728997974
0.3162843291525455
0.26352842688981837
0.1337380152781863
0.15194711199850405
0.2911130623401758
0.06583464674277996
0.6205718457168946
0.14846888727631524
0.2250736609183914
0.16759758909322345
0.2297930133236996
0.27731962448584246
1.0
0.056936145100725664
0.20551569715379248
0.21226827042423688
0.238539932204811
0.22136981835648467
0.4620330851437781
0.21858874793992283
0.16607012440170765
0.23960229628456797
0.06813136780099528
0.2502336708582851
0.18411492420857534
0.18765184061257653
0.15781248572373094
0.16206460049285412
0.2639878156319963
0.2940977819608044
0.7847562300148622
0.15050825117518085
0.6486932415130529
0.2222158598851319
0.17919933337538207
1.0
0.16693863026674047
0.05496507658497417
0.3445915362983994
0.2736425751978108
0.24692444168402994
0.06087562228359878
0.21050705108030873
0.19052624905625287
0.19785429884647018
0.14991569670902274
0.2730043659000081
0.10018144508059201
0.3553617728871719
0.17895705621715025
0.1124823774831766
0.05456040124503067
0.11464641040797625
0.17831216320728033
0.18136377858176567
1.0
0.10698565895420144
0.1475203997740418
0.1910352033144654
0.27770246549839295
0.14092611011965375
0.1259420732262815
0.2834577774859722
0.23114332812830857
1.0
0.01643434939684039
0.14878672089044756
0.25929274149612414
0.046467951342835975
0.24441852141341144
0.22860044226742254
0.30516834413123334
0.34223320902815335
0.05296449057908351
0.14745870033404418
0.15947176593555826
0.8968759108785223
0.22433292655698442
0.2982150768495211
0.16675548104260157
0.19238540325370315
0.2717071237084242
0.23431689526792382
0.22413360186033612
0.23768590192564343
0.475703989810275
0.3035486443880491
0.41348528734771456
0.2118299628493491
0.20172085724930444
0.2242976386811501
0.25440709683594165
0.18368199499839158
0.3201338463935391
0.23458779533399474
0.26345626341219713
0.29218302206707597
0.2293248570954724
0.1914803087298722
0.9442062781550719
0.2565054271647153
0.4356388530062955
1.0
0.16666110935128686
0.3006866499504024
0.14433007715170496
0.16352592827086798
0.251056547395671
0.2755657028146952
0.31950578998144874
1.0
0.25318968197988045
0.1844043152462268
0.055635889880935714
0.1825714998039095
0.2213531471137739
0.9588185089507728
0.2509690243569655
0.04524644243658788
0.1275533065350185
0.017796237395371298
0.20149066936777965
0.23355217530001648
0.2461593850803623
0.17174439300866293
0.18055344919140673
0.132444407877525
0.25004854840504587
0.15692710982883756
0.20107465869784982
0.15317351618210523
0.06006056544614455
0.16753132452936903
0.11187720913810896
0.05208991998967372
0.40167158331798136
0.02460588038702545
0.23287475727508827
0.07554695849639603
0.19340466140339313
0.14933113182964367
1.0
0.1995120731860569
0.1714910914668661
0.1861339662988996
0.28418731232080935
0.1898988510016598
0.11674070829526871
0.20723077797620634
0.28445591930425196
0.13577277135283372
0.17614109585683344
0.24400408467707005
0.12283761831897115
0.27144496443215804
0.26349728093953223
0.21516336645252582
0.14214337448390021
0.07453789990897405
0.19398130305791902
0.6085005991760303
0.18157819229533953
0.21171270674397946
0.23530176321034843
1.0
0.1641013506743465
0.11620331286867829
0.01588436203293868
0.09385357283012907
0.19478266436761546
0.18864266379013997
0.23559748404415587
0.12959158444371388
1.0
0.3304060334458074
0.19954230407217785
0.2681687431680954
0.026994027705122554
0.21355150712938364
0.15588058921211587
0.2720780325070763
1.0
0.24758031778997425
0.09899678591759778
0.09610244018011257
1.0
0.19996960554515014
0.18888006490538004
0.08976492247583867
0.21969586057004048
0.08727650934586481
0.20451252141510196
0.32438162363241924
0.11804233548548487
0.20794526273601097
0.12388446410204584
0.2516010939655934
0.5102579075706889
0.23557143836397768
0.22814313997459357
0.09076414910078888
1.0
0.2566199669008889
0.2382414840474507
0.23206021613322964
0.05526073912000794
0.05856458233275369
0.35969374041553803
0.20946545880191145
1.0
0.13633911035661841
0.09668881540160378
1.0
0.17627155248735182
0.2036354248233427
0.2033855542435208
1.0
0.31552197970011303
0.039441648275848104
0.08146831854327014
0.22110544863837006
0.22980399366036552
0.15494129516642835
0.12332664161591994
0.1189921711488406
0.0853485942200796
0.5408402864522692
0.2738624606937897
1.0
0.20402535754157486
0.2086328321345554
0.18508010022510718
0.20533387118275023
0.04738735562051644
0.9002768015682991
0.11306104723172873
0.29301441787856286
0.09448616847215888
0.16871324614225253
0.21200841447907132
0.2504586520692178
0.1124762100037646
0.027363559496503438
0.23185179772187361
0.29137013793680644
0.27386448777570277
0.07138775731461809
0.16077459832206079
0.011371681934875243
0.2910544467518517
0.0534355556475802
0.10861304116498016
0.4848703145506564
0.2220442629263652
0.1769653466384073
0.28883331686326463
0.1923060932686651
0.1108041741644795
0.8212614342207556
0.14028978359990993
0.10920063927420658
0.2492243357796847
0.0670954394833056
0.14468036847986884
0.2346630187440629
0.21218032362954847
0.1936305122293063
0.16393499461369462
0.15489903703812202
0.21719296929570153
0.18207052811092134
0.062228123136012586
0.23415570067988337
0.08217872824058595
0.2907081944771947
0.22370860409135215
0.31329986634166346
0.021058466792450898
0.10949929577497812
0.27782012193692923
0.3256998268631684
0.12625980589549174
1.0
0.07494412249445752
0.1454141717892288
0.19967795220542053
0.17951677806718244
0.26766764411726107
0.15580691816452988
0.0605878745844297
0.1985646879117829
0.11649919696617095
0.2654860094434417
0.05377002090648269
0.2662306295382803
0.15124731106127445
0.18125160399547602
0.2303256653464561
0.14738477485418722
0.24160124931226354
0.14244112933683575
0.22460234962109946
0.20084832998042831
0.052607763685246285
0.19979506329347535
0.2447761232126765
0.15246829554359462
0.1779364786238361
0.13251445746341228
0.25162329416466744
0.20436068462123383
0.24570117345275613
0.17688154961274297
1.0
0.19167269937790807
0.22925310500214474
0.21310996044302122
0.2560796396220346
1.0
0.18857619913120227
0.12997931132305954
0.11653306571837577
0.6108845387670988
0.12761151535061618
0.10699426392965543
0.1051377297031591
0.20169141502422383
0.25992180202206366
0.1622964021635531
0.3342777133106706
0.23719143485257876
0.21978717108478452
0.20183990324598855
1.0
0.29254386332713467
0.05240656843226899
0.0715878883287298
0.17376850934732793
0.2415047641430151
0.8763340296578425
0.041089364120292966
0.1648734316631819
