0.053943009016910154
0.06900351365247187
0.26796222661761276
0.295998215362044
0.2000268661628175
0.10346785121123826
0.10273150431248426
0.39825910804855275
0.23050624332547853
0.06015981220585527
0.19194740505977306
0.04519230164601774
0.6608634470728385
0.0982978642014621
0.08347787217098211
0.07230535423611056
1.0
0.19122968616270727
0.06119454314504916
0.35141464401341826
0.1473256310496354
0.06581200962625852
0.06614257836242626
0.08528587679503041
0.09060986131870967
1.0
0.023555814308807276
0.2545608063372666
0.0617252278923752
0.17852251571075983
0.14744426890694617
0.14225243822625405
0.28927601949952875
0.1124507679227034
0.017437038542312454
0.18129419053782866
1.0
0.11457070564694365
0.20402783265314617
0.19752052009395704
0.03465819764941333
0.2148626181838563
0.18891645635272025
0.01993582877683202
0.19854505994672506
0.11339716206174362
0.15769754598829283
0.18631197991319515
0.21672413004576543
0.20984006638617142
0.1778928351009245
0.11823116816378058
0.07170454571362243
0.11110462604878843
1.0
0.2749141042560916
0.11616465834973189
0.1927317093827335
0.2507568863088705
0.14456397986351913
0.1588092868959908
0.08425754520726984
0.02553658570882993
0.009806985693721234
0.03612052896692406
0.8983561616680422
0.20533220150983017
0.15109089302892373
0.10850958815087222
0.1274682940401157
0.25849085618629614
0.11715357172385764
0.20225311045179395
0.024016232047467435
1.0
0.16487208994081773
0.06909127215018852
0.11502438760625287
0.13184619645059445
0.08029693011339643
0.17381079876353372
0.23965229096888063
0.0019550995352729666
0.04255147338785982
0.16596636182124294
0.020086936595190463
0.2725418105122177
0.03877941098302309
0.1603904537915891
0.08168538840579853
0.11685033144935625
0.05345988714629295
0.014228844094632594
0.19195767099937708
0.06006737431348799
0.03286851896957949
0.09682379177109546
0.14745910006215387
0.2136880354575855
0.24874527427694276
0.22610779366106298
0.07821024841007838
0.11333173949835505
0.34347680137374503
0.09069797516413056
0.22547365945375805
0.12755312554915768
0.061964163499003
0.10573194378978087
0.06837535702540826
0.22427762027675122
0.16808852649697187
0.2274663728310204
0.108043996762779
0.15637710009038266
0.20928201159228055
0.1882163779953209
0.20094842413154165
0.05788201858032214
0.1303010372839338
0.0412818537624098
0.015683293053072235
0.09865660233793991
0.4006929454685191
0.24795665271895515
0.09583138751444004
0.11937322958823823
0.16221267844702383
0.05245512980059474
0.13135313813390204
0.34093362636306934
0.294018324207328
0.1753542464271116
0.1966159457671129
0.04634648859614383
0.02180363214033158
0.0362042224432693
0.11083455409783212
0.2369734711650708
0.1805272887090022
0.07906720210583389
0.11036001733540671
0.026409827606634805
0.3897085542063371
0.08157118600584892
0.05387959014347735
0.014364400893965916
0.21220487133057567
0.17854224063733548
0.10450060360194884
0.05895893092089566
0.18398732411042557
1.0
0.28614695071702057
0.15079472369180133
1.0
0.09446345907038387
0.3006165781740551
0.12702135917013369
0.16798139801096998
0.24420684935407158
0.08859291082163315
0.015842411247683822
0.08211080269942855
0.020345564239486687
0.008225395308647795
0.09452783850915206
0.09760293396550945
1.0
0.20205656026041488
0.3458095579757576
0.047389399746629424
0.024447031262399513
0.03249833626581022
0.051203844627119015
0.11335615251877842
0.1835422931137104
0.23626672118879805
0.05409634151710859
0.2051585405464823
0.14665135417365574
0.04969973307733179
0.029527143883370157
0.13347820495400536
0.05538696232597745
0.21048530225462528
0.1449928873284269
0.07171160277109588
0.17372307499256306
0.4215503093673728
0.3232458836618787
1.0
0.05259595123728163
0.14999907966833076
0.08996535619501778
0.13776436892894375
0.33133310106274005
0.11719040021359883
0.19142914021294707
0.019632371819806177
0.07564460205205768
0.30112462063206297
0.22796884278127225
0.016230629896197737
0.02194171853418714
0.07818026840840951
0.12428083290353625
0.13073712292898748
0.23431218565952164
0.19016331428643496
0.011694851849734783
0.08538711827459003
0.2425439599901502
0.19464521962073486
0.16019237204691245
0.1628096822547991
0.1370384971046422
0.02641807387033007
0.21145910652373479
0.16340836420369564
0.13418059698677742
1.0
0.060089988618066796
0.1650054474730594
0.17880004438063904
0.12192550254402314
0.27601160154034293
0.1358100882896997
0.03032357008649138
0.2206157921679841
0.010164115906587274
0.06820697499872125
1.0
0.5592014800001629
0.142336660234258
0.11123162708935415
0.25298014141254593
0.05319118651525024
0.1273385556476918
0.19120377555767457
1.0
0.20619481513808413
0.043748114312246456
0.07103265304996105
0.024771706627328593
0.2564099155056963
0.43505275373159424
0.1090169871993086
0.15672374343357948
0.2386837115019376
0.20078215389812695
0.2539069926994182
0.23299132622929802
0.06046786022868391
0.23653961900716441
0.23315538268014135
0.14244289552209688
0.09272317586413072
0.14998631780507626
0.1861714848516893
0.035778336306788894
0.025568990161199276
0.21466720718715346
0.17526112080278788
0.0236225011664674
0.11103191264070057
0.2172935554985212
0.08840637545768755
0.04253873049208721
0.0198295877769424
0.15308311803321692
0.04818204497662431
0.22153453822708893
0.06212941212204307
0.06521957069154442
0.1957455794572693
0.013942158371404386
0.18570949108518317
0.047877323256160495
0.15335582332732361
0.12192673455301209
0.04536815547987807
1.0
0.27867902281069
0.13128665330948866
0.026636207669526582
0.2221320345773342
0.07423912501839977
0.15102901325695703
0.2188766562683378
0.08248657354755351
0.12429122495815635
0.1884175871985144
0.16394689918513305
0.10489311275902807
0.04475950309363029
0.08646392586476077
0.1635718627627765
0.2567027814044482
0.08200925653323464
0.15118332096501894
0.0857105533009808
0.17225274478499036
0.07916303244855748
0.205693204134222
0.10084252265596118
0.13352383602526247
0.148473093196989
0.03754745423789739
0.35342028909683926
0.23623366139695479
0.06638500996861378
0.1945989515054367
0.15124119472498246
0.1937232012396268
0.09161525896961926
0.33725687133594096
0.025662551204274842
0.011191021613657745
0.24023130666412496
0.15953605926156428
0.11746870568436861
0.025599962532210436
0.05231957860849839
0.10160236170184893
0.13228806392387557
0.03919699938486702
0.06415064101685604
0.2615265079772876
1.0
0.20539509719773488
0.17520744860433313
0.2662170265992522
0.1682825879840213
0.06505141670829621
0.22657312695099271
0.14599088400065874
0.21459900348571997
0.18824093489123417
0.07903487541683721
0.10850265895410378
0.1547058534761148
0.034116017482295716
0.2125220272789591
0.14386099729789226
0.16591524080069134
0.07401489449307648
0.07835333797844636
0.07176081054666333
0.1920116946481587
0.20820058604564784
0.2908811455175927
0.08966987806313245
0.052227463067683035
0.06526379933481243
0.05963579607071745
0.11305098295765176
0.01907612921592804
0.044404288143523325
0.08854189872305404
0.33180774028439425
0.12269217124920909
0.0936206336127931
0.2257652464937232
0.6138147863393488
0.04275332742831534
0.23119741256864615
0.022076697600707955
0.16466286466533422
0.26155796743842075
0.13718363582172644
0.0720622928088129
0.20182629847991532
0.062260648170254805
0.09790791873229844
1.0
0.13632840280514624
0.06354524726910253
0.021984530977361163
0.24254145332823848
0.2104549124121401
0.09212480089422209
0.18303816463520525
0.00466158930617135
0.017239283526555123
0.01737885792817991
0.277823405216001
0.10536862736634363
0.27255150203660694
0.0034953698015139875
0.2441036890744862
0.02020396224317283
1.0
0.3067955015255256
0.04615296679419103
0.6097037018752269
0.0005312442048909946
0.0011054208577646336
0.1992332738622122
0.25292204564333604
0.14370901752828538
0.20677923381112948
0.010864991539917157
0.11366347422066758
0.12957445742497692
0.2905975080370404
0.00576629968489228
0.2833767516668395
0.7483019521934369
0.12738057943359077
0.17069878757487178
0.21312497903273095
0.016017951809519034
0.11857350352219849
0.2021326728034595
0.15527546562014286
0.05101599307902366
0.12762957691123492
0.1684197870158859
0.09104396826147289
0.24138659367515528
0.11676177022915986
0.5569965576400995
0.2374051677056273
0.13394763980538263
0.02639937229341547
0.1389777392608385
0.2372398187320806
0.24536317694872978
0.4871804642332182
0.0010327369952028652
0.4095858168115207
0.07114252386607493
0.06277237411578701
0.2595932534846412
0.15049639477150906
0.06570309311700068
0.2734407395909629
0.06298237902040629
0.1773695968078613
0.0774279502492911
0.23685055939135177
0.13088410503467196
0.13313245692819262
0.17798581967415827
0.14284052296643923
0.09763088860404724
0.03987530087998295
0.0289414189761808
0.11002253887133343
0.18439116275113332
0.030206205252435548
0.13914300205710048
0.10902350228170754
0.1035313056421674
0.014141944647567972
0.2707685152634749
0.11882185495614404
0.10064797595014079
0.0720469744783279
0.2998492719957301
0.022939873376788145
0.1486252463638246
0.05305477619118306
0.0315298597559556
0.15637033282334464
0.1317790244823575
0.08790510551903961
0.021359012567909886
0.13194335702667495
0.14164405954082407
0.1995113167617449
0.025098621243978974
0.0737791582852252
0.18330256089173447
0.04803332638831631
0.00022216566581062126
0.028713038379096403
0.04546367960081418
0.3165243117370387
0.15475542454283528
0.2804008452822795
0.00578083904183164
0.3322604159835407
0.2618113574741039
0.14151768390952096
0.1545793302637369
0.04981155467975116
0.1688552588933206
0.21153877573229063
0.22690787588876393
0.09014246335618818
0.04773732168008546
0.21859202100251698
0.18688031288137705
0.5720541966743539
0.002881886877657812
0.19899820056972936
0.00024254198213951314
0.08815903292455801
0.11396965127492287
0.20920972421298994
1.0
0.1981213064473312
0.03729146813276183
0.03648693063520556
0.07435526575894436
0.2337548400392936
0.17353486873809262
0.02697022371900738
0.24300968810218374
0.046942204706140606
0.1747528882526095
0.25075192749357644
0.20414405674096073
0.2784763462563138
0.06524149462520396
0.011021210808528775
0.09675876791943376
0.02945642544824925
0.1286567344288145
0.040474512998904956
0.3158529369963231
0.03237722713145644
0.17218865913953088
0.19940588118820304
0.030473031894661887
0.13847331311945066
0.14478021961182605
0.043853892896112995
0.201964579173237
0.11671084380159845
0.17213001592174249
0.24952162870020608
0.11964808092052368
0.35176163081632544
0.22370781610771118
0.09257797851012041
0.20516455955187052
0.057930697102889055
0.19703969776006844
0.30941301289580914
0.15878472039276031
0.032706640170672985
0.04655875638364921
0.019122909794992534
0.16260929973416405
0.10965697313028956
0.07536034107620121
1.0
0.10328765214001176
0.06406635789775807
0.22120255984958054
0.023299442699216376
1.0
0.17515247252807728
0.12931932046072953
1.0
0.03619685987980953
1.0
0.2873186022615817
0.14703176591443692
0.28760618738269395
0.1746460200562904
0.012881899985098519
0.3101399265678696
0.1846338498648458
0.01212469587064656
0.22515733601302435
0.14761588748908047
0.08422403242425537
0.10184409811046843
0.06858188003955526
0.02852168635747007
1.0
0.04545931804109492
0.03188724261643236
0.14857813720390028
0.14975966665495938
0.07126955677090926
0.2066286760134362
0.026943533707378245
0.08847690883494504
0.05885728686478907
0.2433772554527973
0.15450079547146164
0.03514467225004481
1.0
0.12574341548178777
0.09617387768841958
0.07234903341171961
0.5440998000019085
0.3348911705903375
0.14538641335973565
0.16454326337641997
0.24639164195294158
0.5644631908437108
0.06092296034794169
0.2054991193696083
0.12743546160112307
0.07746835027063562
0.03369400605802513
0.14483043169830412
0.11825577678971227
0.1762096293117086
0.05119779483546019
0.18899158123425824
0.13170253264238285
7.330074990236421e-06
0.04657204855084773
0.2449919859654449
0.007501854857548227
0.07028936772439896
0.017882473253623465
0.09688152484191406
0.10333984099535913
0.033907506770457084
0.017379110740253053
0.03789657121721667
0.11778354299939679
0.17254031782635837
0.035654781422113396
0.06484007772588331
0.157234735206409
0.14929363083312663
0.11683991996383787
0.135152601248099
0.10470951171547997
0.07812012457668857
0.06052644874870279
0.1112829838695245
0.22115966812339868
0.129568674855033
0.34337335551228026
0.02976497191160416
0.3204899941867481
0.1914897424958299
0.1074598456251619
0.019101784235068406
0.17093927752590762
1.0
0.053340874927143477
0.28017027358595326
0.029437873978997612
0.19319160862878634
0.05700429308409377
0.15839161463928353
0.0034170206403382566
0.142285110125654
0.3984385876373696
0.2279890235670547
0.11633270842295028
0.10583085505802822
0.0869723986614457
0.09938074137975361
0.009899266077387931
0.1392587591641579
0.0026968083711577913
0.2836941451479451
0.07646406671244649
0.05395839491739617
0.15194711199850405
0.1332891930008968
0.027562495095794316
0.17493298656673703
0.01152059348426087
0.12453418980912595
0.16759758909322345
0.10881038675356368
0.27731962448584246
1.0
0.056936145100725664
0.20042455209748894
0.1340587512742354
0.16198581687667452
0.22136981835648467
0.4620330851437781
0.11597510678088226
0.16607012440170765
0.1454489388400931
0.06813136780099528
0.2502336708582851
0.18411492420857534
0.16335396763362675
0.15781248572373094
0.05026370862705919
0.04338808265933301
0.2940977819608044
0.7847562300148622
0.1212163227596749
0.6486932415130529
0.13938161926492135
0.1743222856442951
1.0
0.16693863026674047
0.05134853524951897
0.207053414373222
0.2736425751978108
0.14808444875605714
0.0032905001430397524
0.17852753344709946
0.14284549893843618
0.06540881676947743
0.0631305974995781
0.2730043659000081
0.04689956563271702
0.3553617728871719
0.17148926930746172
0.09379482758702147
0.05317163219781247
0.10840500174171565
0.17831216320728033
0.16097657042830696
1.0
0.10698565895420144
0.14463370098706846
0.060719767973100955
0.27770246549839295
0.1045926746112316
0.12124241963291078
0.17361423549780988
0.16681559831069748
1.0
0.00984626779733068
0.14878672089044756
0.13217224444683603
0.04326532989106165
0.2340543427350455
0.22860044226742254
0.11795644255289757
0.34223320902815335
0.020904996083879822
0.0676347890261181
0.11702553581185664
0.8968759108785223
0.22433292655698442
0.21741281993219203
0.16372697413679355
0.1744237288579919
0.2717071237084242
0.18950515140631752
0.07279074849692663
0.009701202644698662
0.475703989810275
0.3035486443880491
0.22506782731403724
0.2118299628493491
0.20172085724930444
0.21104614552023485
0.25440709683594165
0.036504977643251516
0.17000520689289708
0.19607604977118634
0.1493281029935556
0.09225161243902763
0.2293248570954724
0.1587350043734502
0.9442062781550719
0.2565054271647153
0.4356388530062955
1.0
0.10010884367829911
0.23653460834032114
0.14433007715170496
0.16352592827086798
0.17713053435930318
0.19817264728342007
0.13097913735177805
1.0
0.25318968197988045
0.06134227411504095
0.016243557528823845
0.049400605416585544
0.18644870279607342
0.9588185089507728
0.13252736541634919
0
0.1275533065350185
0.006334446155117748
0.19237523439772086
0.21007121903155607
0.2461593850803623
0.11103087334843201
0.040956943696748835
0.132444407877525
0.14858093133066855
0.15692710982883756
0.19259404554678045
0.08217820651323618
0.06006056544614455
0.16753132452936903
0.11187720913810896
0.02419135733425136
0.40167158331798136
0.012653299443953998
0.2057456226689319
0.030859205830719553
0.19340466140339313
0.14933113182964367
1.0
0.1995120731860569
0.12134010518961416
0.13214066923616313
0.28418731232080935
0.1898988510016598
0.05474964788748905
0.20723077797620634
0.11009073735054016
0.10630416225317697
0.17614109585683344
0.24400408467707005
0.12283761831897115
0.27144496443215804
0.13532941898759743
0.1200037708166131
0.14214337448390021
0.07252232575096167
0.19398130305791902
0.6085005991760303
0.14087426423832214
0.12731203839315303
0.1083604981254013
1.0
0.1641013506743465
0.07199354133088871
0.015276780223747026
0.016524452047452457
0.19478266436761546
0.1465650836646241
0.23559748404415587
0.0932258835199276
1.0
0.09460283714681839
0.07084338408547018
0.2681687431680954
0.02584145048742771
0.21355150712938364
0.09322933958386904
0.2720780325070763
1.0
0.09861383264054586
0.09899678591759778
0.034351373054864805
1.0
0.15348762086242432
0.18888006490538004
0.05911478620248696
0.21969586057004048
0.06995320699540986
0.1443456846499823
0.32438162363241924
0.11804233548548487
0.20794526273601097
0.06646071932714924
0.23732745622724397
0.5102579075706889
0.14581872846537372
0.19484599424565086
0.049842498198406755
1.0
0.2566199669008889
0.0647818230947713
0.11148595521089483
0.05526073912000794
0.025257985574714006
0.35969374041553803
0.20946545880191145
1.0
0.10513004877563517
0.040242156764113704
1.0
0.15857490677306013
0.2036354248233427
0.11433834096913953
1.0
0.31552197970011303
0.03773408462994185
0.08146831854327014
0.060728123678036684
0.15204394129594534
0.15494129516642835
0.11836845821896581
0.07124764282303768
0.060820553106281094
0.5408402864522692
0.2738624606937897
1.0
0.20402535754157486
0.03578370509810773
0.022571875645120462
0.20533387118275023
0.03517926982663473
0.9002768015682991
0.010514433206269094
0.1773733546271772
0.09448616847215888
0.10376064036632751
0.13372446153060058
0.052336789202583604
0.019975348874674222
0.027363559496503438
0.17139917523591472
0.10816653432940736
0.15318176470364292
0.05511850922078365
0.11505497643196877
0.005834347180338519
0.2910544467518517
0.03615546243709247
0.04661984522561848
0.4848703145506564
0.18971845253478528
0.16345168957881073
0.28883331686326463
0.10748224925417746
0.08480627645524715
0.8212614342207556
0.08848386519126282
0.027574559233606397
0.2492243357796847
0.04293793447980111
0.13151920170472461
0.09448057531007828
0.21218032362954847
0.03051683467304465
0.16393499461369462
0.14105532881593283
0.21719296929570153
0.022104342121432047
0.05138819234411734
0.03516675149244837
0.08217872824058595
0.04883108658351955
0.22370860409135215
0.31329986634166346
0.010015733693066159
0.10949929577497812
0.21457977760017952
0.3256998268631684
0.11805973118811866
1.0
0.07494412249445752
0.06362027141025653
0.19967795220542053
0.17951677806718244
0.12764995798420628
0.09214819531010145
0.04117391163565108
0.12827579265735636
0.11649919696617095
0.09055382892143642
0.033287135819172496
0.1038722013972124
0.01815228969722148
0.17757623114855464
0.2303256653464561
0.11939514264497716
0.03893004235981512
0.14244112933683575
0.22460234962109946
0.20084832998042831
0.029876873236292602
0.12726171724754573
0.2447761232126765
0.15246829554359462
0.1507331498708279
0.11496729994717823
0.19413776920586287
0.12939959815293067
0.20106632740161454
0.12445017036363802
1.0
0.13406434185288998
0.22925310500214474
0.04185635735742377
0.2560796396220346
1.0
0.18464770797289165
0.07166905374227092
0.11653306571837577
0.6108845387670988
0.012882279993035133
0.10699426392965543
0.017487432819564223
0.20169141502422383
0.1347472280929293
0.1622964021635531
0.3342777133106706
0.18411519263980028
0.21393128757034674
0.09771952318338673
1.0
0.16141929860607387
0.04387205886153308
0.0715878883287298
0.041966114253591515
0.16746647542365994
0.8751748903704637
0.023956565612760213
0.06059146643935526
